service_id,monday,tuesday,wednesday,thursday,friday,saturday,sunday,start_date,end_date
ATB:DayType:1111111_1_191212110592096,1,1,1,1,1,0,0,20200620,20200809
ATB:DayType:1111111_36_191212112221115,1,1,1,1,1,0,0,20200620,20200809
ATB:DayType:0000010_13_191212112221115,0,0,0,0,0,1,0,20200621,20200814
ATB:DayType:0010100_2_191212112221115,0,0,1,0,1,0,0,20200620,20200811
ATB:DayType:1111111_4_191212110592096,0,0,0,0,0,1,0,20200621,20200814
ATB:DayType:0000010_28_191212110592096,0,0,0,0,0,1,0,20200621,20200814
ATB:DayType:0000000_30_191212110592096,1,1,1,1,1,0,0,20200620,20200809
ATB:DayType:0100000_35_191212110592096,0,1,0,0,0,0,0,20200617,20200810
ATB:DayType:1011000_8_191212112221115,1,0,1,1,0,0,0,20200619,20200809
ATB:DayType:1111111_29_191212112221115,0,0,0,0,0,1,0,20200621,20200814
ATB:DayType:0100100_4_191212112221115,0,1,0,0,1,0,0,20200620,20200810
ATB:DayType:1101011_9_191212112221115,1,1,0,1,0,0,0,20200619,20200809
ATB:DayType:1111111_26_191212112221115,1,1,1,1,1,0,0,20200620,20200809
ATB:DayType:0100100_12_191212110592096,0,1,0,0,1,0,0,20200620,20200810
ATB:DayType:1111111_30_191212112221115,0,0,0,0,0,0,1,20200622,20200808
ATB:DayType:1001011_7_191212112221115,1,0,0,1,0,0,0,20200619,20200809
ATB:DayType:1111100_25_191212112221115,1,1,1,1,1,0,0,20200620,20200809
ATB:DayType:0101000_19_191212112221115,0,1,0,1,0,0,0,20200619,20200810
ATB:DayType:0000000_27_191212112221115,0,0,0,0,0,1,0,20200621,20200814
ATB:DayType:0000100_31_191212110592096,0,0,0,0,1,0,0,20200620,20200813
ATB:DayType:0101111_37_191212110592096,0,1,0,1,1,0,0,20200620,20200810
ATB:DayType:1010000_22_191212112221115,1,0,1,0,0,0,0,20200618,20200809
ATB:DayType:1111111_33_191212112221115,0,0,0,0,0,0,1,20200622,20200808
ATB:DayType:0001000_10_191212110592096,0,0,0,1,0,0,0,20200619,20200812
ATB:DayType:1111100_8_200109132268628,1,1,1,1,1,0,0,20200620,20200809
ATB:DayType:1111111_1_200109132268628,0,0,0,0,1,1,0,20200621,20200813
ATB:DayType:0101000_21_191212110592096,0,1,0,1,0,0,0,20200626,20200810
ATB:DayType:0101000_36_191212110592096,0,1,0,1,0,0,0,20200619,20200810
ATB:DayType:0001100_33_191212110592096,0,0,0,1,1,0,0,20200620,20200812
ATB:DayType:1111111_9_200109132268628,1,1,1,1,1,0,0,20200620,20200809
ATB:DayType:1111111_16_191212112221115,0,0,0,0,0,0,1,20200622,20200808
ATB:DayType:0000001_32_191212112221115,0,0,0,0,0,0,1,20200622,20200808
ATB:DayType:1011100_41_191212110592096,1,0,1,1,1,0,0,20200620,20200809
ATB:DayType:1111111_6_200109132268628,0,0,0,0,0,1,0,20200621,20200814
ATB:DayType:0000100_34_191212112221115,0,0,0,0,1,0,0,20200620,20200813
ATB:DayType:0000000_22_191212110592096,0,0,0,0,0,1,0,20200621,20200814
ATB:DayType:1111000_35_191212112221115,1,1,1,1,0,0,0,20200619,20200809
ATB:DayType:1010100_23_191212112221115,1,0,1,0,1,0,0,20200620,20200809
ATB:DayType:0000000_25_191212110592096,0,0,0,0,0,0,1,20200622,20200808
ATB:DayType:0000000_4_200109132268628,1,1,1,1,1,0,0,20200620,20200809
ATB:DayType:0000000_7_200109132268628,0,0,0,0,0,1,0,20200621,20200814
ATB:DayType:0000100_17_191212112221115,0,0,0,0,1,0,0,20200620,20200813
ATB:DayType:1010000_14_191212110592096,1,0,1,0,0,0,0,20200618,20200809
ATB:DayType:0010000_11_191212110592096,0,0,1,0,0,0,0,20200618,20200811
ATB:DayType:0000100_9_191212110592096,0,0,0,0,1,0,0,20200620,20200813
ATB:DayType:1111111_27_191212110592096,0,0,0,0,0,0,1,20200622,20200808
ATB:DayType:1111100_45_191212110592096,1,1,1,1,1,0,0,20200620,20200809
ATB:DayType:0111000_5_191212112221115,0,1,1,1,0,0,0,20200619,20200810
ATB:DayType:1111111_31_191212112221115,0,0,0,0,0,1,0,20200621,20200814
ATB:DayType:1000100_6_191212112221115,1,0,0,0,1,0,0,20200620,20200809
ATB:DayType:1111111_37_191212112221115,0,0,0,0,0,0,1,20200622,20200808
ATB:DayType:1010111_16_191212110592096,1,0,1,0,1,0,0,20200620,20200809
ATB:DayType:1111111_24_191212110592096,0,0,0,0,0,1,0,20200621,20200814
ATB:DayType:1111111_2_200109132268628,0,0,0,0,0,0,1,20200622,20200808
ATB:DayType:1111000_17_191212110592096,1,1,1,1,0,0,0,20200619,20200809
ATB:DayType:1010100_40_191212110592096,1,0,1,0,1,0,0,20200620,20200809
ATB:DayType:0000000_10_200109132268628,0,0,0,0,0,0,1,20200622,20200808
ATB:DayType:0000000_12_191212112221115,0,0,0,0,0,1,0,20200621,20200814
ATB:DayType:0000000_15_191212112221115,0,0,0,0,0,0,1,20200622,20200808
ATB:DayType:0000000_5_191212110592096,0,0,0,0,0,0,1,20200622,20200808
ATB:DayType:1000000_21_191212112221115,1,0,0,0,0,0,0,20200616,20200809
ATB:DayType:0000000_2_191212110592096,0,0,0,0,0,1,0,20200621,20200814
ATB:DayType:0010000_34_191212110592096,0,0,1,0,0,0,0,20200618,20200811
ATB:DayType:1111111_11_191212112221115,1,1,1,1,1,0,0,20200620,20200809
ATB:DayType:0000001_26_191212110592096,0,0,0,0,0,0,1,20200622,20200808
ATB:DayType:1111100_18_191212110592096,1,1,1,1,1,0,0,20200620,20200809
ATB:DayType:1111111_19_191212110592096,1,1,1,1,1,0,0,20200620,20200809
ATB:DayType:0001000_32_191212110592096,0,0,0,1,0,0,0,20200619,20200812
ATB:DayType:1111111_20_191212110592096,1,0,1,0,1,0,0,20200620,20200809
ATB:DayType:1001000_13_191212110592096,1,0,0,1,0,0,0,20200619,20200809
ATB:DayType:0000000_1_191212112221115,1,1,1,1,1,0,0,20200620,20200809
ATB:DayType:1010000_39_191212110592096,1,0,1,0,0,0,0,20200618,20200809
ATB:DayType:0010100_18_191212112221115,0,0,1,0,1,0,0,20200620,20200811
ATB:DayType:1111111_14_191212112221115,0,0,0,0,0,1,0,20200621,20200814
ATB:DayType:0000010_3_191212110592096,0,0,0,0,0,1,0,20200621,20200814
ATB:DayType:1111100_10_191212112221115,1,1,1,1,1,0,0,20200620,20200809
ATB:DayType:1110000_42_191212110592096,1,1,1,0,0,0,0,20200618,20200809
ATB:DayType:0000110_3_200109132268628,0,0,0,0,1,1,0,20200621,20200813
ATB:DayType:0000010_28_191212112221115,0,0,0,0,0,1,0,20200621,20200814
ATB:DayType:1111000_44_191212110592096,1,1,1,1,0,0,0,20200619,20200809
ATB:DayType:0110000_38_191212110592096,0,1,1,0,0,0,0,20200618,20200810
ATB:DayType:0000100_5_200109132268628,0,0,0,0,1,0,0,20200620,20200813
ATB:DayType:0010111_3_191212112221115,0,0,1,0,1,0,0,20200620,20200811
ATB:DayType:1101000_24_191212112221115,1,1,0,1,0,0,0,20200619,20200809
ATB:DayType:0101011_20_191212112221115,0,1,0,1,0,0,0,20200619,20200810
ATB:DayType:1110100_43_191212110592096,1,1,1,0,1,0,0,20200620,20200809
ATB:DayType:0000000_8_191212110592096,1,1,1,1,1,0,0,20200620,20200809
ATB:DayType:0000100_29_191212110592096,0,0,0,0,1,0,0,20200620,20200813
ATB:DayType:1111111_7_191212110592096,0,0,0,0,0,0,1,20200622,20200808
ATB:DayType:0000010_23_191212110592096,0,0,0,0,0,1,0,20200621,20200814
ATB:DayType:0000001_6_191212110592096,0,0,0,0,0,0,1,20200622,20200808
ATB:DayType:1010100_15_191212110592096,1,0,1,0,1,0,0,20200620,20200809
